2.363813707204022592e+02
2.041762108498905377e+02
2.478740903807940583e+02
8.918943029503122943e+01
1.554165486861367071e+02
2.591794703239635282e+02
2.544648061642393202e+02
1.307725674298341119e+02
1.331513289032065757e+02
2.128021916412151882e+02
5.744756508562865349e+01
1.993956357889396713e+02
-2.331268368477079633e+01
3.487271030032541717e+02
-9.984530881452258200e+01
3.179025691304107681e+02
2.352101525142114156e+02
1.246574420359908828e+02
2.432598532276977821e+01
2.166874836508573594e+02
7.558348306003901484e+01
2.693766805823740356e+02
1.637961636232799378e+02
9.873462922410401177e+01
2.095958024461406239e+02
8.181159113854471343e+01
-9.278561876194342517e+01
2.348171405238906573e+01
9.618046823469605044e+00
1.150778201961700944e+02
3.632370208121786845e+02
6.959423759207142268e+01
7.192905626801658059e+01
-2.106892085467398346e+01
1.928866583572709885e+02
1.663978064507456622e+01
1.502785075893037572e+02
1.455078727623017585e+02
2.230753377865320601e+02
3.339388164396911520e+02
1.801158727022112771e+02
5.481031268258044520e+02
2.732326059297595862e+02
-2.838405991754384061e+01
1.902915623555237801e+02
1.505312467536159104e+01
3.379943970135931295e+02
1.491158894080885489e+02
1.588297490142331014e+02
1.079642195317538267e+02
1.160099394853289994e+02
3.348979754716473849e+02
-1.635814982299197027e+02
2.287179583560944138e+02
3.450852119444541586e+02
4.731613567088976424e+02
1.001400558437647277e+02
3.025803239137104015e+02
1.001030567833888796e+02
4.222513237722403687e+02
2.395468407844324474e+02
-1.413910128113331766e+01
9.351344858664157300e+01
2.491733023870709829e+00
6.862368429352372345e+01
1.613781734927953835e+02
-8.909185035233888073e+01
3.557638663032586237e+02
3.195890403734765073e+02
4.849694607067613106e+01
8.705008005687555794e+01
1.156038731764258216e+02
2.348179140716763413e+01
-1.440141340180167617e+02
2.048291968806348251e+01
1.972302579781177201e+02
1.979568782028916871e+02
-4.816320334691171468e+01
6.715572661690003997e+01
1.902928390512783778e+02
2.683576791454245267e+02
2.075786159338645120e+01
1.620063612519241190e+02
1.352222172122285997e+02
1.840416393739538421e+02
1.072792179916530131e+02
-6.351014332837340959e+00
7.426554150899812612e+01
-5.782338318077805184e+01
9.269850881995159853e+01
1.438170388642627415e+02
3.471064824619448927e+02
4.691090835754000210e+00
-3.919092504786265607e+01
3.820631079360239823e+01
2.586628018559926545e+02
-7.296424974342676251e+01
4.523807355245187267e+01
2.294396982014868627e+02
2.904264889416240294e+02
