9.631864453373037804e+02
1.299880155687076467e+03
1.111129369587367819e+03
1.041582275282702994e+03
1.554156696653783456e+03
1.225328908913521900e+03
1.093363753123126571e+03
1.088164492635658917e+03
1.204417571170980409e+03
1.076205538741941382e+03
1.481811561551814520e+03
1.554731492535132475e+03
1.035991893261375935e+03
1.204846887597994737e+03
1.328384125743408276e+03
1.538995708281207499e+03
1.304157429473690172e+03
1.484486712620142271e+03
1.508670617332405072e+03
1.034450460657105850e+03
1.464267776068518288e+03
1.338502127341401547e+03
1.237311258879231445e+03
1.162474401115229284e+03
1.319278577562715554e+03
1.329681318189826698e+03
1.024621000903468939e+03
1.365113434035284172e+03
1.466084317587868782e+03
1.266234758102815476e+03
1.123616139340369955e+03
1.526131441864309181e+03
1.182629789874791413e+03
1.238944153735285454e+03
1.143484175513578748e+03
1.654424732006562181e+03
1.507485050639104657e+03
1.477950291973234243e+03
1.407244273058578756e+03
1.049348783166055227e+03
1.386498223277385478e+03
1.258549729289321704e+03
1.496458736574015120e+03
1.181669784469973365e+03
1.451523918540194245e+03
1.178983354003825298e+03
1.351226894539045816e+03
1.386143662300836922e+03
1.221859014196995304e+03
1.337162297863455251e+03
1.187552044606783284e+03
1.303257129170124699e+03
1.417730875694745691e+03
1.082272157655029787e+03
1.243753408499476109e+03
1.266425480195807722e+03
1.002589571439807287e+03
1.106057603838494515e+03
1.311361326994166120e+03
1.401112930831012136e+03
1.079955725956722972e+03
1.134645812150286929e+03
1.202551303653099922e+03
9.355096863370765732e+02
1.151555146313469095e+03
1.021541079827696763e+03
1.185573076839595615e+03
1.126683920698740167e+03
1.068859697460854704e+03
1.127098815945122169e+03
1.182272305949855763e+03
1.513651471437871578e+03
1.257084380033167690e+03
1.173902160549138898e+03
1.251808456436938968e+03
1.442116373953744869e+03
1.307386690291284140e+03
1.253939732719748918e+03
1.057701131171377256e+03
1.382488699505507611e+03
1.210831404559002522e+03
1.400334235402625382e+03
1.257598002101567999e+03
1.178087728708382883e+03
1.372054884973260187e+03
1.292643317024831049e+03
1.148093563376628254e+03
1.217888549708577557e+03
1.303683878060024881e+03
1.333695101351152516e+03
1.296613172648270620e+03
1.370529115636559936e+03
9.714359468371687854e+02
1.280980436532539215e+03
1.321144955841738465e+03
1.583428915313325660e+03
1.490523592643997972e+03
1.561388690961669226e+03
9.615486144534373807e+02
1.314314990018541494e+03
